12 12
-1 -1 -1 -1 -1 -1 -1 -1 -1 -1 -1 -1 -1 -1 -1 -1 -1 -1 -1 -1 -1 -1 -1 -1 -1 
-1 1 1 1 1 1 0 1 0 1 0 1 1 1 1 1 0 1 1 1 0 1 1 1 -1 
-1 0 1 1 1 0 1 1 1 1 1 0 1 1 1 1 1 1 1 0 1 1 1 0 -1 
-1 1 1 -1 0 1 0 1 0 1 0 1 1 1 0 1 0 1 1 1 1 1 1 -1 -1 
-1 0 1 1 1 1 1 1 1 1 1 1 1 0 1 1 1 1 1 0 1 1 1 0 -1 
-1 1 1 1 1 1 0 1 1 1 1 1 0 1 1 1 1 1 0 1 0 1 1 1 -1 
-1 1 1 0 1 0 1 1 1 1 1 1 1 1 1 1 1 1 1 1 1 0 1 1 -1 
-1 1 1 1 1 1 1 1 1 1 0 1 1 1 1 1 1 1 1 1 1 1 0 1 -1 
-1 0 1 0 1 1 1 0 1 1 1 1 1 1 1 1 1 1 1 1 1 1 1 0 -1 
-1 1 1 1 1 1 1 1 1 1 1 1 0 1 1 1 1 1 1 2 1 1 0 1 -1 
-1 1 1 0 1 0 1 1 1 0 1 1 1 1 1 1 1 1 1 0 1 1 1 1 -1 
-1 1 1 1 1 1 1 1 1 -1 1 1 1 1 1 1 1 1 0 1 1 1 1 1 -1 
-1 0 1 0 1 1 1 1 1 1 1 1 1 1 1 1 1 0 1 1 1 0 1 1 -1 
-1 1 1 1 1 2 0 1 0 1 0 1 0 1 0 1 1 1 1 1 0 1 1 1 -1 
-1 1 1 1 1 1 1 1 1 1 1 1 1 1 1 1 1 1 1 0 1 1 1 1 -1 
-1 1 1 1 1 1 0 1 1 1 1 1 1 1 0 1 1 1 1 1 0 1 0 1 -1 
-1 0 1 1 1 1 1 0 1 0 1 1 1 1 1 1 1 1 1 1 1 0 1 1 -1 
-1 1 1 1 1 1 1 1 0 1 1 1 1 1 0 2 0 1 1 1 1 1 0 1 -1 
-1 1 1 0 1 1 1 1 1 1 1 1 1 1 1 0 1 1 1 0 1 1 1 1 -1 
-1 1 1 1 1 1 1 1 1 1 0 1 1 1 0 1 0 1 0 1 1 1 0 1 -1 
-1 0 1 1 1 0 1 1 1 1 1 1 1 1 1 1 1 0 1 0 1 1 1 0 -1 
-1 1 1 1 1 1 0 1 1 1 0 1 0 1 1 1 1 1 1 1 1 1 0 1 -1 
-1 1 1 1 1 0 1 1 1 1 1 1 1 0 1 1 1 0 1 1 1 0 1 1 -1 
-1 1 0 1 1 1 0 1 1 3 0 1 0 1 1 1 1 1 1 1 1 1 1 1 -1 
-1 -1 -1 -1 -1 -1 -1 -1 -1 -1 -1 -1 -1 -1 -1 -1 -1 -1 -1 -1 -1 -1 -1 -1 -1 
3
1
1
15 17
501 426
4
0
1
1
5 13
256 328
4
0
1
1
19 9
599 230
4
0
0
1
3
3 3
9 11
23 3
207 83
354 279
697 83
-543379424
-543379424
-543379424
9 23
